name: substream
channels:
  - conda-forge
  - defaults
dependencies:
  - brotli=1.0.9=h8ffe710_7
  - brotli-bin=1.0.9=h8ffe710_7
  - bzip2=1.0.8=h8ffe710_4
  - ca-certificates=2021.10.8=h5b45459_0
  - certifi=2021.10.8=py310h5588dad_2
  - cycler=0.11.0=pyhd8ed1ab_0
  - fonttools=4.31.2=py310he2412df_0
  - freetype=2.10.4=h546665d_1
  - icu=69.1=h0e60522_0
  - intel-openmp=2022.0.0=h57928b3_3663
  - jbig=2.1=h8d14728_2003
  - jpeg=9e=h8ffe710_0
  - kiwisolver=1.4.2=py310h476a331_1
  - lcms2=2.12=h2a16943_0
  - lerc=3.0=h0e60522_0
  - libblas=3.9.0=13_win64_mkl
  - libbrotlicommon=1.0.9=h8ffe710_7
  - libbrotlidec=1.0.9=h8ffe710_7
  - libbrotlienc=1.0.9=h8ffe710_7
  - libcblas=3.9.0=13_win64_mkl
  - libclang=13.0.1=default_h81446c8_0
  - libdeflate=1.10=h8ffe710_0
  - libffi=3.4.2=h8ffe710_5
  - liblapack=3.9.0=13_win64_mkl
  - libpng=1.6.37=h1d00b33_2
  - libtiff=4.3.0=hc4061b1_3
  - libwebp=1.2.2=h57928b3_0
  - libwebp-base=1.2.2=h8ffe710_1
  - libxcb=1.13=hcd874cb_1004
  - libzlib=1.2.11=h8ffe710_1014
  - lz4-c=1.9.3=h8ffe710_1
  - m2w64-gcc-libgfortran=5.3.0=6
  - m2w64-gcc-libs=5.3.0=7
  - m2w64-gcc-libs-core=5.3.0=7
  - m2w64-gmp=6.1.0=2
  - m2w64-libwinpthread-git=5.0.0.4634.697f757=2
  - matplotlib=3.5.1=py310h5588dad_0
  - matplotlib-base=3.5.1=py310h79a7439_0
  - mkl=2022.0.0=h0e2418a_796
  - msys2-conda-epoch=20160418=1
  - munkres=1.1.4=pyh9f0ad1d_0
  - numpy=1.22.3=py310hcae7c84_0
  - openjpeg=2.4.0=hb211442_1
  - openssl=1.1.1n=h8ffe710_0
  - packaging=21.3=pyhd8ed1ab_0
  - pillow=9.1.0=py310h767b3fd_0
  - pip=22.0.4=pyhd8ed1ab_0
  - pthread-stubs=0.4=hcd874cb_1001
  - pyparsing=3.0.7=pyhd8ed1ab_0
  - pyqt=5.12.3=py310h5588dad_8
  - pyqt-impl=5.12.3=py310h8a704f9_8
  - pyqt5-sip=4.19.18=py310h8a704f9_8
  - pyqtchart=5.12=py310h8a704f9_8
  - pyqtwebengine=5.12.1=py310h8a704f9_8
  - python=3.10.4=h9a09f29_0_cpython
  - python-dateutil=2.8.2=pyhd8ed1ab_0
  - python_abi=3.10=2_cp310
  - qt=5.12.9=h556501e_6
  - setuptools=61.3.0=py310h5588dad_0
  - six=1.16.0=pyh6c4a22f_0
  - sqlite=3.37.1=h8ffe710_0
  - tbb=2021.5.0=h2d74725_0
  - tk=8.6.12=h8ffe710_0
  - tornado=6.1=py310he2412df_3
  - ucrt=10.0.20348.0=h57928b3_0
  - unicodedata2=14.0.0=py310he2412df_0
  - vc=14.2=hb210afc_6
  - vs2015_runtime=14.29.30037=h902a5da_6
  - wheel=0.37.1=pyhd8ed1ab_0
  - xorg-libxau=1.0.9=hcd874cb_0
  - xorg-libxdmcp=1.1.3=hcd874cb_0
  - xz=5.2.5=h62dcd97_1
  - zlib=1.2.11=h8ffe710_1014
  - zstd=1.5.2=h6255e5f_0
  - pip:
    - altair==4.2.0
    - argon2-cffi==21.3.0
    - argon2-cffi-bindings==21.2.0
    - attrs==21.4.0
    - beautifulsoup4==4.10.0
    - bleach==4.1.0
    - blinker==1.4
    - cachetools==5.0.0
    - cffi==1.15.0
    - charset-normalizer==2.0.12
    - click==8.0.4
    - defusedxml==0.7.1
    - gitdb==4.0.9
    - gitpython==3.1.27
    - idna==3.3
    - importlib-metadata==4.11.3
    - ipython-genutils==0.2.0
    - ipywidgets==7.7.0
    - jinja2==3.1.1
    - jsonschema==4.4.0
    - jupyterlab-pygments==0.1.2
    - jupyterlab-widgets==1.1.0
    - markupsafe==2.1.1
    - mistune==0.8.4
    - nbclient==0.5.13
    - nbconvert==6.4.5
    - nbformat==5.2.0
    - notebook==6.4.10
    - pandas==1.4.2
    - pandocfilters==1.5.0
    - prometheus-client==0.13.1
    - protobuf==3.20.0
    - pyarrow==7.0.0
    - pycparser==2.21
    - pydeck==0.7.1
    - pympler==1.0.1
    - pyrsistent==0.18.1
    - pytz==2022.1
    - pytz-deprecation-shim==0.1.0.post0
    - pywinpty==2.0.5
    - requests==2.27.1
    - semver==2.13.0
    - send2trash==1.8.0
    - smmap==5.0.0
    - soupsieve==2.3.1
    - streamlit==1.8.1
    - terminado==0.13.3
    - testpath==0.6.0
    - toml==0.10.2
    - toolz==0.11.2
    - tzdata==2022.1
    - tzlocal==4.2
    - urllib3==1.26.9
    - validators==0.18.2
    - watchdog==2.1.7
    - webencodings==0.5.1
    - widgetsnbextension==3.6.0
    - zipp==3.7.0
prefix: C:\Users\orion\anaconda3\envs\substream
